883
835 670
29 575
70 61
18 73
23 495
71 23
77 728
406 163
795 820
101 602
819 567
105 122
183 250
759 642
20 354
87 86
167 688
258 539
120 203
100 697
175 680
269 54
283 125
843 635
782 68
562 102
41 32
460 65
195 320
329 368
145 722
856 633
801 262
571 292
834 94
95 103
12 294
170 155
439 776
527 506
388 827
716 139
333 541
40 189
463 96
18 175
379 2
412 243
162 395
97 36
82 772
819 878
312 444
66 58
97 566
214 81
380 853
149 133
771 404
707 36
170 411
712 816
18 658
486 601
597 470
331 866
253 305
725 159
883 747
23 134
524 483
477 552
219 456
802 388
42 197
541 635
79 174
160 161
696 384
2 11
16 25
690 226
98 848
281 565
43 105
24 749
825 74
418 519
223 73
562 873
184 766
434 756
164 172
193 625
729 362
363 408
476 112
289 471
35 628
1 273
846 313
626 146
66 557
259 184
98 396
660 148
27 24
98 237
63 380
13 192
9 311
260 281
36 205
32 37
537 491
33 54
599 745
105 193
468 65
172 642
101 530
468 659
512 308
610 631
6 177
252 163
136 730
423 9
534 286
775 52
410 418
365 166
22 554
155 93
11 485
526 219
598 241
84 374
443 260
179 196
268 427
545 516
21 50
586 448
704 845
334 312
20 59
163 373
157 225
88 121
21 833
37 160
348 120
218 16
591 559
8 110
106 341
43 14
258 183
788 281
439 202
426 433
459 663
38 100
477 293
74 71
13 10
844 530
164 375
37 179
308 390
533 339
221 73
493 515
250 314
92 101
130 316
627 520
711 257
34 152
419 114
129 828
542 369
577 67
583 528
223 377
62 136
207 44
449 359
198 147
511 289
114 143
588 423
875 546
372 665
102 39
165 701
548 97
6 99
266 339
11 142
800 122
245 253
750 723
662 529
606 250
229 251
252 879
148 231
256 92
98 589
469 343
85 355
321 166
562 693
43 393
147 780
248 263
333 111
276 114
699 753
135 108
137 3
239 446
616 808
594 31
180 367
799 92
500 491
414 767
15 14
81 56
747 623
135 829
338 712
107 652
634 353
8 212
64 107
147 260
85 187
784 679
384 185
92 63
7 22
199 312
32 10
285 190
97 125
187 792
188 455
154 352
301 97
550 42
338 508
822 82
40 350
7 2
230 94
499 257
158 185
141 57
118 92
112 544
818 325
605 170
279 166
38 53
159 50
261 405
240 202
58 88
35 610
112 158
189 556
666 817
60 148
5 10
2 357
64 165
409 120
551 509
209 40
465 218
90 32
275 48
847 614
755 1
389 422
4 8
777 11
522 235
105 153
860 180
515 532
707 774
359 158
837 655
807 96
67 35
79 48
429 509
497 437
156 475
641 349
191 161
242 2
858 615
840 353
53 452
121 369
568 425
330 10
789 292
206 196
18 12
96 271
16 176
810 52
461 89
60 123
461 584
569 444
142 247
876 806
20 8
570 369
395 675
698 543
272 445
131 28
74 435
232 248
655 28
36 26
115 75
531 806
815 763
788 832
35 708
241 518
296 17
354 473
389 490
1 2
274 758
715 296
25 681
238 231
600 111
22 272
330 493
138 180
323 216
403 148
553 460
558 548
617 862
324 6
204 561
91 18
678 315
104 63
564 309
165 190
224 188
152 210
289 60
364 567
29 138
93 319
664 456
129 85
52 69
852 118
574 194
139 261
482 633
242 585
79 414
867 877
249 28
407 311
272 451
111 587
581 364
790 589
288 96
75 351
112 318
542 795
629 177
321 686
96 555
329 172
687 248
338 139
202 536
8 19
721 21
2 4
109 50
486 238
6 44
63 22
377 578
489 520
330 440
32 64
154 682
529 732
89 462
666 562
19 56
522 752
669 20
241 3
180 656
831 75
540 179
181 76
394 161
592 260
580 107
111 424
45 146
147 163
202 58
121 266
489 165
215 10
316 748
617 65
290 836
161 342
428 344
13 23
309 535
173 92
167 160
437 273
303 614
85 303
24 307
57 52
245 84
194 736
111 286
156 33
809 535
390 417
38 282
521 241
39 36
421 246
360 68
521 871
10 85
20 48
718 339
125 531
177 195
297 156
50 82
457 157
397 479
146 162
719 177
316 841
41 150
300 517
429 307
509 653
122 672
201 91
361 590
300 159
248 280
127 154
830 458
528 519
63 130
208 44
299 134
335 23
276 325
391 198
761 235
754 313
3 28
647 346
77 436
594 684
8 80
60 23
264 4
487 59
638 382
23 145
34 76
6 2
114 402
113 24
94 35
454 173
308 83
87 667
318 805
484 40
624 329
415 525
17 9
723 695
47 7
262 47
241 345
691 124
309 276
8 9
239 278
538 239
58 120
706 105
382 60
33 111
120 464
286 783
367 778
124 24
621 770
78 72
504 28
133 122
668 139
104 572
33 648
116 114
183 356
93 6
232 196
12 8
189 650
290 699
823 334
460 516
292 397
62 18
157 182
438 423
539 786
272 434
53 741
387 38
404 120
824 213
683 491
57 168
731 534
363 28
1 3
739 250
156 199
254 127
491 347
72 112
332 104
796 179
489 646
366 670
314 392
320 386
677 539
471 644
24 5
474 220
127 639
66 482
3 292
267 46
573 82
58 24
174 315
794 295
212 385
31 33
661 658
751 543
606 704
513 102
781 55
481 388
30 9
51 22
18 31
645 120
207 450
170 467
62 507
82 184
772 779
704 826
147 141
66 219
400 763
689 9
426 117
599 592
765 106
39 270
637 582
221 229
34 15
720 611
263 603
622 319
111 838
671 465
9 383
441 88
93 114
537 863
246 50
373 700
14 86
239 201
442 95
406 616
313 178
304 849
257 710
130 609
77 26
593 221
488 178
16 4
29 117
727 627
472 411
322 59
20 38
630 497
813 366
110 362
96 67
642 744
15 42
326 762
225 372
37 128
227 150
514 44
389 356
276 737
188 38
870 583
4 68
304 868
55 27
44 72
287 248
596 797
861 668
560 515
69 459
608 251
541 735
633 869
265 243
673 726
798 685
298 164
14 6
547 149
582 77
266 505
48 740
65 53
126 35
585 812
119 113
399 498
721 811
346 420
123 336
872 717
479 563
140 85
34 501
191 317
226 793
56 169
466 129
39 764
85 235
4 290
619 607
315 361
331 1
29 217
200 146
337 673
194 243
186 9
543 226
318 353
345 349
235 358
142 709
38 45
1 5
89 33
333 401
187 724
179 453
162 178
636 514
36 40
46 378
328 250
469 503
416 4
144 66
674 112
16 430
263 506
108 43
714 347
13 21
849 881
149 293
98 84
172 347
787 207
530 859
370 273
151 1
736 743
394 432
184 194
882 545
654 383
431 78
250 291
470 87
777 851
765 768
23 226
22 26
734 182
165 685
234 215
75 3
865 461
24 183
880 610
857 274
127 24
549 57
236 75
480 199
228 182
364 14
144 284
385 640
35 546
87 803
595 228
208 621
337 702
56 695
854 138
613 234
529 103
52 35
244 230
742 77
160 211
864 27
546 814
651 98
222 92
204 2
60 494
400 335
596 469
132 111
392 632
231 337