3570.4973699
3756.5766799
3853.6294399
4000.6978499
4128.7564299
4225.8091899
4353.9041499
4539.9834599
4677.0423699
4776.1107799
4905.1533699
5091.2326799
5254.2960099
5417.3593399
5564.4277499
5635.4648599
5798.5281899
5926.5867699
6089.6500999
6176.6821299
6332.7832399
6488.8843499
6616.9793099
6716.0477199
6844.1062999
6981.1652099
7084.1743999
7171.2064299
7270.2748399
7385.3017799
7514.3443699
7645.3848599
7702.4063199
7801.4747299
7964.5380599
8061.5908199
8208.6592299
8337.7018199
8474.7607299
8545.7978399
8644.8662499
8743.9346599
8872.0296199
8975.0388099
9103.1337699
9216.2178299
9287.2549399
9450.3182699
9578.4132299
9764.4925399
9865.5402199
9964.6086299
10078.6515599
10241.7148899
10369.7734699
10498.8160599
10601.8252499
10700.8936599
10856.9947699
10944.0267999
11059.0537399
11162.0629299
11276.1058599
11404.2008199
11567.2641499
11704.3230599
11832.4180199
11933.4656999
12030.5184599
12127.5712199
12255.6297999
12411.7309099
12548.7898199
12661.8738799
12789.9324599
12926.9913699
13040.0754299
13137.1281899
13208.1652999
13339.2057899
13410.2428999
13523.3269599
13610.3589899
13757.4273999
13828.4645099
13975.5329199
14090.5598599
14203.6439199